Device,Kernel,Batch Size,Total Time (ms),Average Time per Batch (us),Throughput (elements/s),Bandwidth (GB/s)
CPU,NTT,1,2.3885,2.3885,418672.81,0.40
GPU,NTT,1,14.2462,14.2462,70194.32,0.07
GPU-total,NTT,1,211.4926,211.4926,4728.30,0.00
CPU,INTT,1,2.5000,2.5000,400000.00,0.38
GPU,INTT,1,10.7067,10.7067,93399.22,0.09
CPU,BASEMUL,1,0.7490,0.7490,1335113.49,1.91
GPU,BASEMUL,1,7.7849,7.7849,128453.17,0.18
CPU,Chain,1,4.7400,4.7400,210970.46,0.70
GPU,Chain,1,793.3732,793.3732,1260.44,0.00
CPU,NTT,2,3.8821,1.9410,515185.08,0.49
GPU,NTT,2,13.7509,6.8755,145444.85,0.14
GPU-total,NTT,2,202.6811,101.3405,9867.72,0.01
CPU,INTT,2,5.0026,2.5013,399792.11,0.38
GPU,INTT,2,10.2706,5.1353,194729.96,0.19
CPU,BASEMUL,2,1.4132,0.7066,1415227.85,2.02
GPU,BASEMUL,2,7.2350,3.6175,276432.40,0.40
CPU,Chain,2,9.8373,4.9187,203307.82,0.68
GPU,Chain,2,572.5417,286.2709,3493.20,0.01
CPU,NTT,4,21.5331,5.3833,185760.53,0.18
GPU,NTT,4,13.8338,3.4585,289145.93,0.28
GPU-total,NTT,4,178.6141,44.6535,22394.65,0.02
CPU,INTT,4,9.1256,2.2814,438327.34,0.42
GPU,INTT,4,10.3942,2.5986,384828.74,0.37
CPU,BASEMUL,4,3.5800,0.8950,1117318.44,1.60
GPU,BASEMUL,4,7.3122,1.8280,547033.46,0.78
CPU,Chain,4,23.8392,5.9598,167790.87,0.56
GPU,Chain,4,598.1012,149.5253,6687.83,0.02
CPU,NTT,8,23.9247,2.9906,334382.46,0.32
GPU,NTT,8,13.8435,1.7304,577890.59,0.55
GPU-total,NTT,8,171.0891,21.3861,46759.26,0.04
CPU,INTT,8,17.7602,2.2200,450445.38,0.43
GPU,INTT,8,10.3186,1.2898,775296.27,0.74
CPU,BASEMUL,8,5.5176,0.6897,1449905.76,2.07
GPU,BASEMUL,8,7.2787,0.9098,1099090.57,1.57
CPU,Chain,8,39.4827,4.9353,202620.39,0.68
GPU,Chain,8,591.1174,73.8897,13533.69,0.05
CPU,NTT,16,36.8601,2.3038,434073.70,0.41
GPU,NTT,16,14.0084,0.8755,1142168.50,1.09
GPU-total,NTT,16,203.8762,12.7423,78479.00,0.07
CPU,INTT,16,39.3304,2.4581,406810.00,0.39
GPU,INTT,16,10.3802,0.6488,1541401.17,1.47
CPU,BASEMUL,16,11.2311,0.7019,1424615.58,2.04
GPU,BASEMUL,16,7.5092,0.4693,2130724.76,3.05
CPU,Chain,16,80.0669,5.0042,199832.89,0.67
GPU,Chain,16,591.1816,36.9489,27064.44,0.09
CPU,NTT,32,82.6140,2.5817,387343.55,0.37
GPU,NTT,32,13.7947,0.4311,2319733.17,2.21
GPU-total,NTT,32,197.2278,6.1634,162248.93,0.15
CPU,INTT,32,76.9022,2.4032,416112.93,0.40
GPU,INTT,32,10.4519,0.3266,3061639.90,2.92
CPU,BASEMUL,32,24.1894,0.7559,1322893.50,1.89
GPU,BASEMUL,32,7.9753,0.2492,4012400.32,5.74
CPU,Chain,32,164.6072,5.1440,194402.19,0.65
GPU,Chain,32,629.4600,19.6706,50837.23,0.17
CPU,NTT,64,134.6467,2.1039,475318.00,0.45
GPU,NTT,64,14.4227,0.2254,4437451.14,4.23
GPU-total,NTT,64,208.2086,3.2533,307384.04,0.29
CPU,INTT,64,162.3297,2.5364,394259.34,0.38
GPU,INTT,64,11.0575,0.1728,5787911.57,5.52
CPU,BASEMUL,64,51.7898,0.8092,1235764.57,1.77
GPU,BASEMUL,64,9.9212,0.1550,6450800.05,9.23
CPU,Chain,64,342.9133,5.3580,186636.10,0.62
GPU,Chain,64,631.3776,9.8653,101365.65,0.34
CPU,NTT,128,250.4428,1.9566,511094.75,0.49
GPU,NTT,128,14.7287,0.1151,8690540.58,8.29
GPU-total,NTT,128,195.6129,1.5282,654353.57,0.62
CPU,INTT,128,315.5075,2.4649,405695.59,0.39
GPU,INTT,128,11.7030,0.0914,10937387.05,10.43
CPU,BASEMUL,128,90.6441,0.7082,1412116.18,2.02
GPU,BASEMUL,128,11.5742,0.0904,11059061.52,15.82
CPU,Chain,128,668.1120,5.2196,191584.64,0.64
GPU,Chain,128,724.3789,5.6592,176703.10,0.59
CPU,NTT,256,503.1267,1.9653,508818.16,0.49
GPU,NTT,256,17.1956,0.0672,14887568.33,14.20
GPU-total,NTT,256,246.8551,0.9643,1037045.62,0.99
CPU,INTT,256,620.0421,2.4220,412875.19,0.39
GPU,INTT,256,17.9574,0.0701,14255938.31,13.60
CPU,BASEMUL,256,206.0296,0.8048,1242539.91,1.78
GPU,BASEMUL,256,13.4304,0.0525,19061255.50,27.27
CPU,Chain,256,1322.0666,5.1643,193636.24,0.65
GPU,Chain,256,707.1381,2.7623,362022.64,1.21
CPU,NTT,512,993.6605,1.9407,515266.53,0.49
GPU,NTT,512,28.5259,0.0557,17948591.03,17.12
GPU-total,NTT,512,215.0323,0.4200,2381037.64,2.27
CPU,INTT,512,1296.2014,2.5316,395000.34,0.38
GPU,INTT,512,31.3447,0.0612,16334508.27,15.58
CPU,BASEMUL,512,410.4806,0.8017,1247318.39,1.78
GPU,BASEMUL,512,17.5112,0.0342,29238505.40,41.83
CPU,Chain,512,2669.7310,5.2143,191779.62,0.64
GPU,Chain,512,782.0702,1.5275,654672.69,2.19
CPU,NTT,700,1298.4377,1.8549,539109.42,0.51
GPU,NTT,700,37.5338,0.0536,18649868.36,17.79
GPU-total,NTT,700,274.4514,0.3921,2550542.65,2.43
CPU,INTT,700,1754.8294,2.5069,398899.18,0.38
GPU,INTT,700,39.6233,0.0566,17666360.58,16.85
CPU,BASEMUL,700,523.8984,0.7484,1336136.93,1.91
GPU,BASEMUL,700,19.9305,0.0285,35121989.21,50.24
CPU,Chain,700,5313.0492,7.5901,131751.09,0.44
GPU,Chain,700,875.3185,1.2505,799708.91,2.67
CPU,NTT,1024,2018.6063,1.9713,507280.69,0.48
GPU,NTT,1024,52.0942,0.0509,19656703.73,18.75
GPU-total,NTT,1024,284.7978,0.2781,3595533.39,3.43
CPU,INTT,1024,2580.4966,2.5200,396822.84,0.38
GPU,INTT,1024,55.2384,0.0539,18537816.68,17.68
CPU,BASEMUL,1024,921.6284,0.9000,1111076.87,1.59
GPU,BASEMUL,1024,23.6102,0.0231,43371022.92,62.04
CPU,Chain,1024,5600.8803,5.4696,182828.40,0.61
GPU,Chain,1024,1011.3612,0.9877,1012496.82,3.38

CPU,NTT,2048,3811.6867,1.8612,537294.95,0.51
GPU,NTT,2048,96.5153,0.0471,21219426.57,20.24
GPU-total,NTT,2048,372.3236,0.1818,5500591.42,5.25
CPU,INTT1,2048,5151.6152,2.5154,397545.22,0.38
GPU,INTT1,2048,103.9297,0.0507,19705619.03,18.79
CPU,BASEMUL1,2048,1703.8550,0.8320,1201980.22,1.72
GPU,BASEMUL1,2048,35.2561,0.0172,58089225.28,83.10
CPU,Chain,2048,11145.3636,5.4421,183753.54,0.61
GPU,Chain,2048,1568.9817,0.7661,1305305.22,4.36
CPU,NTT1,4096,12843.9796,3.1357,318904.27,0.30
GPU,NTT1,4096,186.7898,0.0456,21928393.41,20.91
GPU-total,NTT1,4096,683.6279,0.1669,5991563.54,5.71
CPU,INTT1,4096,17652.7740,4.3098,232031.52,0.22
GPU,INTT1,4096,199.2305,0.0486,20559098.87,19.61
CPU,BASEMUL,4096,3407.5173,0.8319,1202048.19,1.72
GPU,BASEMUL,4096,96.1008,0.0235,42621900.80,60.97
CPU,Chain,4096,22472.6403,5.4865,182266.08,0.61
GPU,Chain,4096,2367.4575,0.5780,1730126.10,5.77

