Device,Kernel,Batch Size,Total Time (ms),Average Time per Batch (us),Throughput (elements/s),Bandwidth (GB/s)
CPU,NTT,1,2.7695,2.7695,361076.01,0.34
GPU,NTT,1,8.8017,8.8017,113614.71,0.11
GPU-total,NTT,1,173.5379,173.5379,5762.43,0.01
CPU,INTT,1,2.4927,2.4927,401171.42,0.38
GPU,INTT,1,10.7306,10.7306,93191.70,0.09
CPU,BASEMUL,1,0.6890,0.6890,1451378.81,2.08
GPU,BASEMUL,1,6.6881,6.6881,149520.08,0.21
CPU,Chain,1,4.7326,4.7326,211300.34,0.71
GPU,Chain,1,391.2788,391.2788,2555.72,0.01
GPU,Fused,1,193.2252,193.2252,5175.31,0.02
CPU,NTT,2,3.4426,1.7213,580956.25,0.55
GPU,NTT,2,8.7358,4.3679,228942.76,0.22
GPU-total,NTT,2,203.9736,101.9868,9805.19,0.01
CPU,INTT,2,5.0150,2.5075,398803.59,0.38
GPU,INTT,2,10.8464,5.4232,184393.44,0.18
CPU,BASEMUL,2,1.5470,0.7735,1292824.82,1.85
GPU,BASEMUL,2,6.7710,3.3855,295375.82,0.42
CPU,Chain,2,11.0182,5.5091,181517.85,0.61
GPU,Chain,2,412.5082,206.2541,4848.39,0.02
GPU,Fused,2,218.7390,109.3695,9143.32,0.03
CPU,NTT,4,19.6074,4.9018,204004.61,0.19
GPU,NTT,4,8.9429,2.2357,447282.00,0.43
GPU-total,NTT,4,173.2748,43.3187,23084.72,0.02
CPU,INTT,4,10.8037,2.7009,370243.53,0.35
GPU,INTT,4,10.9191,2.7298,366329.89,0.35
CPU,BASEMUL,4,2.7455,0.6864,1456929.52,2.08
GPU,BASEMUL,4,6.7321,1.6830,594166.65,0.85
CPU,Chain,4,18.7035,4.6759,213863.72,0.71
GPU,Chain,4,401.9242,100.4810,9952.13,0.03
GPU,Fused,4,207.5261,51.8815,19274.68,0.06
CPU,NTT,8,14.8975,1.8622,537002.85,0.51
GPU,NTT,8,8.9213,1.1152,896732.21,0.86
GPU-total,NTT,8,150.4406,18.8051,53177.13,0.05
CPU,INTT,8,21.0005,2.6251,380943.31,0.36
GPU,INTT,8,10.6623,1.3328,750303.78,0.72
CPU,BASEMUL,8,5.5831,0.6979,1432895.70,2.05
GPU,BASEMUL,8,6.7853,0.8482,1179021.26,1.69
CPU,Chain,8,38.8038,4.8505,206165.38,0.69
GPU,Chain,8,412.7881,51.5985,19380.40,0.06
GPU,Fused,8,194.1335,24.2667,41208.76,0.14
CPU,NTT,16,29.4276,1.8392,543707.27,0.52
GPU,NTT,16,8.9308,0.5582,1791546.81,1.71
GPU-total,NTT,16,154.4442,9.6528,103597.29,0.10
CPU,INTT,16,44.3186,2.7699,361022.23,0.34
GPU,INTT,16,10.6958,0.6685,1495915.40,1.43
CPU,BASEMUL,16,11.2621,0.7039,1420694.19,2.03
GPU,BASEMUL,16,6.8069,0.4254,2350557.09,3.36
CPU,Chain,16,74.8982,4.6811,213623.29,0.71
GPU,Chain,16,399.1689,24.9481,40083.28,0.13
GPU,Fused,16,201.5820,12.5989,79372.17,0.26
CPU,NTT,32,59.0765,1.8461,541670.55,0.52
GPU,NTT,32,9.0874,0.2840,3521360.79,3.36
GPU-total,NTT,32,156.5997,4.8937,204342.66,0.19
CPU,INTT,32,78.8104,2.4628,406037.78,0.39
GPU,INTT,32,10.8216,0.3382,2957037.66,2.82
CPU,BASEMUL,32,25.0758,0.7836,1276130.77,1.83
GPU,BASEMUL,32,6.8032,0.2126,4703639.13,6.73
CPU,Chain,32,147.9836,4.6245,216240.18,0.72
GPU,Chain,32,389.9587,12.1862,82059.97,0.27
GPU,Fused,32,202.7703,6.3366,157814.04,0.53
CPU,NTT,64,124.4586,1.9447,514227.22,0.49
GPU,NTT,64,9.1839,0.1435,6968727.62,6.65
GPU-total,NTT,64,190.5248,2.9769,335914.27,0.32
CPU,INTT,64,162.1747,2.5340,394636.15,0.38
GPU,INTT,64,11.4505,0.1789,5589258.01,5.33
CPU,BASEMUL,64,57.4517,0.8977,1113979.22,1.59
GPU,BASEMUL,64,7.8531,0.1227,8149683.19,11.66
CPU,Chain,64,325.4207,5.0847,196668.50,0.66
GPU,Chain,64,429.3511,6.7086,149062.15,0.50
GPU,Fused,64,230.7810,3.6060,277319.19,0.93
CPU,NTT,128,239.7163,1.8728,533964.52,0.51
GPU,NTT,128,10.3395,0.0808,12379677.75,11.81
GPU-total,NTT,128,197.2343,1.5409,648974.34,0.62
CPU,INTT,128,336.7159,2.6306,380142.43,0.36
GPU,INTT,128,12.2349,0.0956,10461847.24,9.98
CPU,BASEMUL,128,154.0683,1.2037,830800.37,1.19
GPU,BASEMUL,128,8.7815,0.0686,14576117.40,20.85
CPU,Chain,128,730.2531,5.7051,175281.69,0.59
GPU,Chain,128,459.5589,3.5903,278527.95,0.93
GPU,Fused,128,258.5872,2.0202,494997.43,1.65
CPU,NTT,256,496.2667,1.9385,515851.66,0.49
GPU,NTT,256,16.1609,0.0631,15840685.28,15.11
GPU-total,NTT,256,207.6200,0.8110,1233021.87,1.18
CPU,INTT,256,691.5331,2.7013,370191.97,0.35
GPU,INTT,256,18.3154,0.0715,13977286.58,13.33
CPU,BASEMUL,256,202.9330,0.7927,1261500.10,1.80
GPU,BASEMUL,256,10.9555,0.0428,23367305.38,33.43
CPU,Chain,256,1353.9791,5.2890,189072.34,0.63
GPU,Chain,256,409.3904,1.5992,625319.99,2.09
GPU,Fused,256,229.6400,0.8970,1114788.36,3.72
CPU,NTT,512,945.2172,1.8461,541674.44,0.52
GPU,NTT,512,29.6189,0.0578,17286287.80,16.49
GPU-total,NTT,512,215.9860,0.4218,2370524.02,2.26
CPU,INTT,512,1233.0425,2.4083,415233.05,0.40
GPU,INTT,512,31.9956,0.0625,16002203.80,15.26
CPU,BASEMUL,512,379.0703,0.7404,1350672.95,1.93
GPU,BASEMUL,512,14.1706,0.0277,36131175.36,51.69
CPU,Chain,512,2527.0535,4.9357,202607.50,0.68
GPU,Chain,512,495.6966,0.9682,1032889.88,3.45
GPU,Fused,512,329.8173,0.6442,1552374.60,5.18
CPU,NTT,700,1282.8907,1.8327,545642.74,0.52
GPU,NTT,700,38.6109,0.0552,18129590.83,17.29
GPU-total,NTT,700,231.9975,0.3314,3017273.89,2.88
CPU,INTT,700,1666.0133,2.3800,420164.71,0.40
GPU,INTT,700,40.7500,0.0582,17177928.44,16.38
CPU,BASEMUL,700,500.5476,0.7151,1398468.40,2.00
GPU,BASEMUL,700,15.0343,0.0215,46560223.79,66.60
CPU,Chain,700,3438.1799,4.9117,203596.09,0.68
GPU,Chain,700,540.8713,0.7727,1294208.07,4.32
GPU,Fused,700,353.9395,0.5056,1977739.13,6.60
CPU,NTT,1024,1899.0985,1.8546,539203.21,0.51
GPU,NTT,1024,54.2566,0.0530,18873264.98,18.00
GPU-total,NTT,1024,242.5885,0.2369,4221139.91,4.03
CPU,INTT,1024,2463.0111,2.4053,415751.27,0.40
GPU,INTT,1024,57.9209,0.0566,17679276.28,16.86
CPU,BASEMUL,1024,755.3301,0.7376,1355698.65,1.94
GPU,BASEMUL,1024,22.3611,0.0218,45793909.88,65.51
CPU,Chain,1024,5077.0404,4.9580,201692.31,0.67
GPU,Chain,1024,580.9727,0.5674,1762561.30,5.88
GPU,Fused,1024,376.4208,0.3676,2720359.77,9.08
CPU,NTT,2048,3683.5783,1.7986,555981.12,0.53
GPU,NTT,2048,102.9174,0.0503,19899451.41,18.98
GPU-total,NTT,2048,346.5185,0.1692,5910218.36,5.64
CPU,INTT,2048,4880.5571,2.3831,419624.23,0.40
GPU,INTT,2048,107.9134,0.0527,18978181.00,18.10
CPU,BASEMUL,2048,1637.5699,0.7996,1250633.64,1.79
GPU,BASEMUL,2048,32.4991,0.0159,63017187.88,90.15
CPU,Chain,2048,10317.6761,5.0379,198494.31,0.66
GPU,Chain,2048,798.3939,0.3898,2565149.86,8.56
GPU,Fused,2048,547.2635,0.2672,3742255.79,12.49
