Device,Kernel,Batch Size,Total Time (ms),Average Time per Batch (us),Throughput (elements/s),Bandwidth (GB/s)
CPU,NTT,1,4.2680,4.2680,234301.78,0.22
GPU,NTT,1,15.7432,15.7432,63519.54,0.06
GPU-total,NTT,1,216.2079,216.2079,4625.18,0.00
CPU,INTT,1,2.8081,2.8081,356112.67,0.34
GPU,INTT,1,10.3258,10.3258,96844.78,0.09
CPU,BASEMUL,1,0.8487,0.8487,1178272.65,1.69
GPU,BASEMUL,1,7.0555,7.0555,141732.84,0.20
CPU,Chain,1,4.5870,4.5870,218007.41,0.73
GPU,Chain,1,588.3214,588.3214,1699.75,0.01
CPU,NTT,2,11.3058,5.6529,176900.35,0.17
GPU,NTT,2,15.8505,7.9252,126179.25,0.12
GPU-total,NTT,2,172.4854,86.2427,11595.18,0.01
CPU,INTT,2,4.3829,2.1915,456318.88,0.44
GPU,INTT,2,10.7531,5.3766,185992.76,0.18
CPU,BASEMUL,2,1.3506,0.6753,1480823.34,2.12
GPU,BASEMUL,2,7.2144,3.6072,277221.56,0.40
CPU,Chain,2,9.5102,4.7551,210300.52,0.70
GPU,Chain,2,611.1883,305.5942,3272.31,0.01
CPU,NTT,4,9.3519,2.3380,427720.57,0.41
GPU,NTT,4,15.6992,3.9248,254790.15,0.24
GPU-total,NTT,4,196.6934,49.1733,20336.22,0.02
CPU,INTT,4,8.9659,2.2415,446134.80,0.43
GPU,INTT,4,10.3271,2.5818,387328.96,0.37
CPU,BASEMUL,4,2.7134,0.6783,1474165.25,2.11
GPU,BASEMUL,4,7.2972,1.8243,548158.54,0.78
CPU,Chain,4,19.2547,4.8137,207741.49,0.69
GPU,Chain,4,578.6389,144.6597,6912.77,0.02
CPU,NTT,8,18.3768,2.2971,435331.50,0.42
GPU,NTT,8,15.6166,1.9521,512273.92,0.49
GPU-total,NTT,8,207.6828,25.9603,38520.28,0.04
CPU,INTT,8,18.6555,2.3319,428827.96,0.41
GPU,INTT,8,10.3439,1.2930,773405.82,0.74
CPU,BASEMUL,8,5.7429,0.7179,1393024.43,1.99
GPU,BASEMUL,8,7.1764,0.8970,1114766.15,1.59
CPU,Chain,8,38.5963,4.8245,207273.75,0.69
GPU,Chain,8,625.2345,78.1543,12795.20,0.04
CPU,NTT,16,48.1650,3.0103,332191.43,0.32
GPU,NTT,16,15.4770,0.9673,1033793.48,0.99
GPU-total,NTT,16,171.3433,10.7090,93379.78,0.09
CPU,INTT,16,38.2858,2.3929,417909.51,0.40
GPU,INTT,16,10.3237,0.6452,1549831.64,1.48
CPU,BASEMUL,16,17.2016,1.0751,930146.03,1.33
GPU,BASEMUL,16,7.5086,0.4693,2130883.95,3.05
CPU,Chain,16,75.6957,4.7310,211372.64,0.71
GPU,Chain,16,610.8445,38.1778,26193.25,0.09
CPU,NTT,32,81.5275,2.5477,392505.60,0.37
GPU,NTT,32,15.5632,0.4863,2056134.40,1.96
GPU-total,NTT,32,172.8857,5.4027,185093.39,0.18
CPU,INTT,32,71.9152,2.2473,444968.52,0.42
GPU,INTT,32,10.6904,0.3341,2993345.70,2.85
CPU,BASEMUL,32,22.8670,0.7146,1399396.51,2.00
GPU,BASEMUL,32,7.9350,0.2480,4032757.59,5.77
CPU,Chain,32,167.1758,5.2242,191415.26,0.64
GPU,Chain,32,575.8167,17.9943,55573.24,0.19
CPU,NTT,64,141.2217,2.2066,453188.14,0.43
GPU,NTT,64,15.5124,0.2424,4125744.17,3.93
GPU-total,NTT,64,195.4616,3.0541,327430.04,0.31
CPU,INTT,64,168.8965,2.6390,378930.29,0.36
GPU,INTT,64,10.9858,0.1717,5825683.18,5.56
CPU,BASEMUL,64,46.8831,0.7325,1365097.44,1.95
GPU,BASEMUL,64,9.2024,0.1438,6954682.53,9.95
CPU,Chain,64,342.5335,5.3521,186843.04,0.62
GPU,Chain,64,598.4233,9.3504,106947.71,0.36
CPU,NTT,128,248.7781,1.9436,514514.74,0.49
GPU,NTT,128,16.3795,0.1280,7814635.86,7.45
GPU-total,NTT,128,225.7525,1.7637,566992.61,0.54
CPU,INTT,128,332.9121,2.6009,384485.87,0.37
GPU,INTT,128,11.6144,0.0907,11020807.46,10.51
CPU,BASEMUL,128,100.0109,0.7813,1279860.50,1.83
GPU,BASEMUL,128,9.9266,0.0776,12894690.87,18.45
CPU,Chain,128,662.9304,5.1791,193082.11,0.64
GPU,Chain,128,707.2649,5.5255,180978.87,0.60
CPU,NTT,256,460.2853,1.7980,556176.79,0.53
GPU,NTT,256,17.3939,0.0679,14717833.83,14.04
GPU-total,NTT,256,211.1537,0.8248,1212387.00,1.16
CPU,INTT,256,593.4068,2.3180,431407.26,0.41
GPU,INTT,256,17.7538,0.0694,14419407.62,13.75
CPU,BASEMUL,256,200.9995,0.7852,1273635.01,1.82
GPU,BASEMUL,256,13.4095,0.0524,19090958.65,27.31
CPU,Chain,256,1299.0169,5.0743,197072.11,0.66
GPU,Chain,256,685.8317,2.6790,373269.42,1.25
CPU,NTT,512,979.8880,1.9138,522508.69,0.50
GPU,NTT,512,25.2909,0.0494,20244434.14,19.31
GPU-total,NTT,512,242.5977,0.4738,2110489.92,2.01
CPU,INTT,512,1225.5896,2.3937,417758.11,0.40
GPU,INTT,512,31.1228,0.0608,16450936.62,15.69
CPU,BASEMUL,512,372.3157,0.7272,1375177.03,1.97
GPU,BASEMUL,512,16.8660,0.0329,30357003.10,43.43
CPU,Chain,512,2667.8412,5.2106,191915.47,0.64
GPU,Chain,512,779.9043,1.5233,656490.80,2.19
CPU,NTT,700,1326.9401,1.8956,527529.46,0.50
GPU,NTT,700,29.8673,0.0427,23437023.41,22.35
GPU-total,NTT,700,238.2382,0.3403,2938235.77,2.80
CPU,NTT,1024,2046.7937,1.9988,500294.68,0.48
GPU,NTT,1024,37.5084,0.0366,27300547.70,26.04
GPU-total,NTT,1024,255.4424,0.2495,4008731.52,3.82
CPU,INTT,1024,2661.8764,2.5995,384691.04,0.37
GPU,INTT,1024,54.7540,0.0535,18701821.81,17.84
CPU,BASEMUL,1024,869.6370,0.8493,1177502.80,1.68
GPU,BASEMUL,1024,23.6430,0.0231,43310964.18,61.96
CPU,Chain,1024,5455.7119,5.3278,187693.20,0.63
GPU,Chain,1024,1089.2436,1.0637,940101.92,3.14
CPU,NTT,2048,3805.6184,1.8582,538151.70,0.51
GPU,NTT,2048,62.0681,0.0303,32996001.31,31.47
GPU-total,NTT,2048,415.1517,0.2027,4933136.49,4.70
CPU,INTT,2048,5183.3002,2.5309,395115.07,0.38
GPU,INTT,2048,102.7988,0.0502,19922407.48,19.00
CPU,BASEMUL,2048,1710.0445,0.8350,1197629.65,1.71
GPU,BASEMUL,2048,35.6218,0.0174,57492933.60,82.24
CPU,Chain,2048,11034.2084,5.3878,185604.61,0.62
GPU,Chain,2048,1513.2233,0.7389,1353402.37,4.52
CPU,NTT1,4096,8285.0420,2.0227,494384.94,0.47
GPU,NTT1,4096,111.8036,0.0273,36635683.31,34.94
GPU-total,NTT,4096,443.3778,0.1082,9238171.15,8.81
CPU,INTT,4096,10553.8577,2.5766,388104.53,0.37
GPU,INTT,4096,201.6413,0.0492,20313302.84,19.37
CPU,BASEMUL,4096,4113.0233,1.0042,995861.12,1.42
GPU,BASEMUL,4096,97.9686,0.0239,41809308.87,59.81
CPU,Chain,4096,22248.3143,5.4317,184103.84,0.61
GPU,Chain,4096,2280.2702,0.5567,1796278.35,6.00


